{
 "cells": [
  {
   "cell_type": "code",
   "execution_count": 1,
   "metadata": {
    "collapsed": true
   },
   "outputs": [],
   "source": [
    "import numpy as np\n",
    "import matplotlib\n",
    "import matplotlib.pyplot as plt\n",
    "%matplotlib inline\n",
    "import h5py"
   ]
  },
  {
   "cell_type": "markdown",
   "metadata": {},
   "source": [
    "Migrate from <https://github.com/frogner/caffe/blob/wasserstein/src/caffe/layers/wasserstein_loss_layer.cpp>"
   ]
  },
  {
   "cell_type": "code",
   "execution_count": 12,
   "metadata": {},
   "outputs": [],
   "source": [
    "groundm_ = np.array(h5py.File(\"mnist_ground_metric.h5\", \"r\")[\"data\"])"
   ]
  },
  {
   "cell_type": "code",
   "execution_count": 13,
   "metadata": {},
   "outputs": [
    {
     "data": {
      "text/plain": [
       "array([[ 0.,  1.,  2.,  3.,  4.,  5.,  6.,  7.,  8.,  9.],\n",
       "       [ 1.,  0.,  1.,  2.,  3.,  4.,  5.,  6.,  7.,  8.],\n",
       "       [ 2.,  1.,  0.,  1.,  2.,  3.,  4.,  5.,  6.,  7.],\n",
       "       [ 3.,  2.,  1.,  0.,  1.,  2.,  3.,  4.,  5.,  6.],\n",
       "       [ 4.,  3.,  2.,  1.,  0.,  1.,  2.,  3.,  4.,  5.],\n",
       "       [ 5.,  4.,  3.,  2.,  1.,  0.,  1.,  2.,  3.,  4.],\n",
       "       [ 6.,  5.,  4.,  3.,  2.,  1.,  0.,  1.,  2.,  3.],\n",
       "       [ 7.,  6.,  5.,  4.,  3.,  2.,  1.,  0.,  1.,  2.],\n",
       "       [ 8.,  7.,  6.,  5.,  4.,  3.,  2.,  1.,  0.,  1.],\n",
       "       [ 9.,  8.,  7.,  6.,  5.,  4.,  3.,  2.,  1.,  0.]], dtype=float32)"
      ]
     },
     "execution_count": 13,
     "metadata": {},
     "output_type": "execute_result"
    }
   ],
   "source": [
    "groundm_"
   ]
  },
  {
   "cell_type": "code",
   "execution_count": 23,
   "metadata": {},
   "outputs": [
    {
     "data": {
      "text/plain": [
       "array([[ 0.,  1.,  2.,  3.,  4.,  5.,  6.,  7.,  8.,  9.],\n",
       "       [ 1.,  0.,  1.,  2.,  3.,  4.,  5.,  6.,  7.,  8.],\n",
       "       [ 2.,  1.,  0.,  1.,  2.,  3.,  4.,  5.,  6.,  7.],\n",
       "       [ 3.,  2.,  1.,  0.,  1.,  2.,  3.,  4.,  5.,  6.],\n",
       "       [ 4.,  3.,  2.,  1.,  0.,  1.,  2.,  3.,  4.,  5.],\n",
       "       [ 5.,  4.,  3.,  2.,  1.,  0.,  1.,  2.,  3.,  4.],\n",
       "       [ 6.,  5.,  4.,  3.,  2.,  1.,  0.,  1.,  2.,  3.],\n",
       "       [ 7.,  6.,  5.,  4.,  3.,  2.,  1.,  0.,  1.,  2.],\n",
       "       [ 8.,  7.,  6.,  5.,  4.,  3.,  2.,  1.,  0.,  1.],\n",
       "       [ 9.,  8.,  7.,  6.,  5.,  4.,  3.,  2.,  1.,  0.]], dtype=float32)"
      ]
     },
     "execution_count": 23,
     "metadata": {},
     "output_type": "execute_result"
    }
   ],
   "source": [
    "groundm_"
   ]
  },
  {
   "cell_type": "code",
   "execution_count": 28,
   "metadata": {
    "collapsed": true
   },
   "outputs": [],
   "source": [
    "lambda_ = 0.1"
   ]
  },
  {
   "cell_type": "code",
   "execution_count": 29,
   "metadata": {
    "collapsed": true
   },
   "outputs": [],
   "source": [
    "K_ = groundm_.copy()\n",
    "K_ *= -lambda_\n",
    "K_ += -1\n",
    "K_ = np.exp(K_)"
   ]
  },
  {
   "cell_type": "code",
   "execution_count": 30,
   "metadata": {},
   "outputs": [
    {
     "data": {
      "text/plain": [
       "array([[ 0.36787945,  0.33287108,  0.30119419,  0.27253181,  0.24659698,\n",
       "         0.22313017,  0.20189652,  0.18268351,  0.16529889,  0.1495686 ],\n",
       "       [ 0.33287108,  0.36787945,  0.33287108,  0.30119419,  0.27253181,\n",
       "         0.24659698,  0.22313017,  0.20189652,  0.18268351,  0.16529889],\n",
       "       [ 0.30119419,  0.33287108,  0.36787945,  0.33287108,  0.30119419,\n",
       "         0.27253181,  0.24659698,  0.22313017,  0.20189652,  0.18268351],\n",
       "       [ 0.27253181,  0.30119419,  0.33287108,  0.36787945,  0.33287108,\n",
       "         0.30119419,  0.27253181,  0.24659698,  0.22313017,  0.20189652],\n",
       "       [ 0.24659698,  0.27253181,  0.30119419,  0.33287108,  0.36787945,\n",
       "         0.33287108,  0.30119419,  0.27253181,  0.24659698,  0.22313017],\n",
       "       [ 0.22313017,  0.24659698,  0.27253181,  0.30119419,  0.33287108,\n",
       "         0.36787945,  0.33287108,  0.30119419,  0.27253181,  0.24659698],\n",
       "       [ 0.20189652,  0.22313017,  0.24659698,  0.27253181,  0.30119419,\n",
       "         0.33287108,  0.36787945,  0.33287108,  0.30119419,  0.27253181],\n",
       "       [ 0.18268351,  0.20189652,  0.22313017,  0.24659698,  0.27253181,\n",
       "         0.30119419,  0.33287108,  0.36787945,  0.33287108,  0.30119419],\n",
       "       [ 0.16529889,  0.18268351,  0.20189652,  0.22313017,  0.24659698,\n",
       "         0.27253181,  0.30119419,  0.33287108,  0.36787945,  0.33287108],\n",
       "       [ 0.1495686 ,  0.16529889,  0.18268351,  0.20189652,  0.22313017,\n",
       "         0.24659698,  0.27253181,  0.30119419,  0.33287108,  0.36787945]], dtype=float32)"
      ]
     },
     "execution_count": 30,
     "metadata": {},
     "output_type": "execute_result"
    }
   ],
   "source": [
    "K_"
   ]
  },
  {
   "cell_type": "code",
   "execution_count": 31,
   "metadata": {
    "collapsed": true
   },
   "outputs": [],
   "source": [
    "KM_ = np.multiply(K_, groundm_)"
   ]
  },
  {
   "cell_type": "code",
   "execution_count": 32,
   "metadata": {
    "collapsed": true
   },
   "outputs": [],
   "source": [
    "KlogK = np.multiply(np.log(K_), K_)"
   ]
  },
  {
   "cell_type": "code",
   "execution_count": 33,
   "metadata": {},
   "outputs": [
    {
     "data": {
      "text/plain": [
       "array([[-0.36787945, -0.36615819, -0.36143303, -0.35429135, -0.34523576,\n",
       "        -0.33469525, -0.32303444, -0.31056198, -0.29753801, -0.28418037],\n",
       "       [-0.36615819, -0.36787945, -0.36615819, -0.36143303, -0.35429135,\n",
       "        -0.34523576, -0.33469525, -0.32303444, -0.31056198, -0.29753801],\n",
       "       [-0.36143303, -0.36615819, -0.36787945, -0.36615819, -0.36143303,\n",
       "        -0.35429135, -0.34523576, -0.33469525, -0.32303444, -0.31056198],\n",
       "       [-0.35429135, -0.36143303, -0.36615819, -0.36787945, -0.36615819,\n",
       "        -0.36143303, -0.35429135, -0.34523576, -0.33469525, -0.32303444],\n",
       "       [-0.34523576, -0.35429135, -0.36143303, -0.36615819, -0.36787945,\n",
       "        -0.36615819, -0.36143303, -0.35429135, -0.34523576, -0.33469525],\n",
       "       [-0.33469525, -0.34523576, -0.35429135, -0.36143303, -0.36615819,\n",
       "        -0.36787945, -0.36615819, -0.36143303, -0.35429135, -0.34523576],\n",
       "       [-0.32303444, -0.33469525, -0.34523576, -0.35429135, -0.36143303,\n",
       "        -0.36615819, -0.36787945, -0.36615819, -0.36143303, -0.35429135],\n",
       "       [-0.31056198, -0.32303444, -0.33469525, -0.34523576, -0.35429135,\n",
       "        -0.36143303, -0.36615819, -0.36787945, -0.36615819, -0.36143303],\n",
       "       [-0.29753801, -0.31056198, -0.32303444, -0.33469525, -0.34523576,\n",
       "        -0.35429135, -0.36143303, -0.36615819, -0.36787945, -0.36615819],\n",
       "       [-0.28418037, -0.29753801, -0.31056198, -0.32303444, -0.33469525,\n",
       "        -0.34523576, -0.35429135, -0.36143303, -0.36615819, -0.36787945]], dtype=float32)"
      ]
     },
     "execution_count": 33,
     "metadata": {},
     "output_type": "execute_result"
    }
   ],
   "source": [
    "KlogK"
   ]
  },
  {
   "cell_type": "markdown",
   "metadata": {
    "collapsed": true
   },
   "source": [
    "## Calculate EMD"
   ]
  },
  {
   "cell_type": "code",
   "execution_count": 71,
   "metadata": {},
   "outputs": [
    {
     "data": {
      "text/plain": [
       "array([ 0.11901983,  0.13532925,  0.09675592,  0.13185965,  0.13822228,\n",
       "        0.10331983,  0.08312453,  0.10940269,  0.04169821,  0.04126782])"
      ]
     },
     "execution_count": 71,
     "metadata": {},
     "output_type": "execute_result"
    }
   ],
   "source": [
    "prediction = np.random.rand(10)\n",
    "prediction /= prediction.sum()\n",
    "target = np.zeros(10)\n",
    "target[5] = 1\n",
    "target\n",
    "prediction"
   ]
  },
  {
   "cell_type": "code",
   "execution_count": 72,
   "metadata": {},
   "outputs": [
    {
     "data": {
      "text/plain": [
       "Text(0.5,1,'Target')"
      ]
     },
     "execution_count": 72,
     "metadata": {},
     "output_type": "execute_result"
    },
    {
     "data": {
      "image/png": "iVBORw0KGgoAAAANSUhEUgAAAX0AAAEICAYAAACzliQjAAAABHNCSVQICAgIfAhkiAAAAAlwSFlz\nAAALEgAACxIB0t1+/AAAADl0RVh0U29mdHdhcmUAbWF0cGxvdGxpYiB2ZXJzaW9uIDIuMS4wLCBo\ndHRwOi8vbWF0cGxvdGxpYi5vcmcvpW3flQAAGX9JREFUeJzt3X2UXXV97/H3x4QAyqNktJAHBiV1\n3WBdBcZALxW5jdAEa2JXQ018IHQh0Vpuq9iH0FKg0d6KraXX1XgxLVQeypNcsdMSjLZg7aJAE8KT\nkzTtECMZghJIDGYhYuDbP/Zv6M6ZM3P2zJxz5kx+n9daZ2WfvX97n++c/M5n9uyz928rIjAzszy8\nZqILMDOz9nHom5llxKFvZpYRh76ZWUYc+mZmGXHom5llxKE/SUjqlhSSpqbnd0taPobtzJa0V9KU\n5ldpZp3Ood9kkrZJ+lEK1u9L+htJhzX7dSJiYURcX7Ged5XWezIiDouIl5tdk+Ut9fnBxyulz8Fe\nSR9ocy2HpJ2kme183cnAod8a74mIw4BTgLcDl5UXquD33g4oaWfisNT3nyR9DtLjb0ezrcG/aK35\nHDwtFBFPAXcDb5X0TUl/LOk+4AXgTZKOlHStpKclPSXp04OHXSRNkfRnkp6VtBV4d3nbaXsfLj2/\nSNJmST+UtEnSKZJuBGYDf5/2tn63zmGi4yT1StolqV/SRaVtXinpdkk3pO32Sepp+RtnByRJZ0h6\nUNIeSTskXV3qh4N75r8u6Qng22n+uyX9p6QfSPoLSQ9I+mBpmx+RtCX137skzUiLvpX+3ZL6/nvb\n+sN2MId+C0maBZwLPJxmfQhYARwOfBe4HtgHnAicDJwDDAb5RcAvpfk9wJIRXuc84ErgfOAIYBHw\nXER8iP33uD5bZ/VbgAHguPQa/0fS/NLyRcCtwFFAL/CXld8As/39BLgYeD3wDuA9/Hd/H/RLwKnA\nyZJ+CrgN+ATQBexIywCQtBT4eNrOGyk+ZzelxWemf9+S+v5XW/EDTUoR4UcTH8A2YC/wA4pg/wJw\nKPBNYFWp3RuBHwOHluYtA+5N0/cAHy0tOwcIYGp6/k3gw2l6HfBbI9TzrtLz7sHtALOAl4HDS8v/\nBPhSmr4S+MfSsrnAjyb6Pfaj8x+1/W6YNiuBW9L0Ialf/s/S8hWDn4f0/DXAM8AH0/N7gQ+Ulh9E\n8YvljaXtzZzo96LTHj5u1hrvjYh/LM+QBLC9NOt4ik76dFoGRacebHNcTfvvjvB6s4AnxlDnccCu\niPhhzeuUD+F8rzT9AnCIpKkRsW8Mr2cZkzQX+BzFd12HUux43FfTrNzn9/sMRMQrkp4qLT8euEbS\n6tK8fcBMYE8TSz+g+PBOe5WHNN1Osac/PSKOSo8jIuKktPxpijAfNHuE7W4H3lzhNWvtAF4v6fCa\n13lqmPZm4/FXwEbgzRFxBLAKUE2bcn99miLAAUgnP8woLd8OXFD6/BwVEYdGxEOM3O+z5tCfIBHx\nNPB14HOSjpD0GklvlvTO1OR24DclzZR0NMWfwsP5a+C3JZ2azgw6UdLxadn3gTcNU8N24F+BP0lf\npL0NuBAY1ZkWZhUdDuyJiL2STqL43mokvcBpks5NX/heAhxdWn4NcJmktwBIOlrSrwBExI8p9vbr\n9v2cOfQn1vnANGATsBu4Azg2LfsrimP1j1LsHX1luI1ExJeBPwZuBn4IfJXiyzIojtFfls5++O06\nqy+jOM6/A7gTuCIivjGun8qsvk8AH5a0F1hN8SXtsNKO0TLg88CzFHv9j1P8hUxE3EJxYsFXJD0P\nPAKcXdrE5cCXU99f1OSfZdJS+gLEzKyjpb3971GcjXb/RNczWXlP38w6lqSF6XqWQ4ArKE4meGiC\ny5rUHPpm1snOBL5DcarmfOCXI+KliS1pcvPhHTOzjHhP38wsIx13cdb06dOju7t7osuwA9hDDz30\nbER0tft13betlar2644L/e7ubjZs2DDRZdgBTNJIVze3jPu2tVLVfu3DO2ZmGXHom5llxKFvZpaR\nSqEvaUG6UUG/pCFjwEg6U9JGSfskDRn3PY0t85Qkj8VuZjaBGoZ+upPTamAhxXjqy9IQqWVPAhdQ\njP1Sz6eAfx57mWZm1gxV9vTnAf0RsTVdCXcrsLjcICK2RcRjwCu1K0s6leKmBl9vQr1mZjYOVUJ/\nBvvf2GCA/ce0HlYa//pzwO80aLdC0gZJG3bu3Fll02YtI+k6Sc9I+vYwyyXp8+lw52OSTml3jWZj\nVSX0a29yANVvUPAxYG0at31YEbEmInoioqerq+3XzJjV+hKwYITlC4E56bEC+H9tqMmsKapcnDXA\n/ndwmkkx9noVPwe8Q9LHgMOAaZL2RsRINwQxm1AR8S1J3SM0WQzcEMXAVQ9IOkrSsWn8d7OOViX0\n1wNzJJ1AcRu9pcD7q2w8Ij4wOC3pAqDHgT+y7pV3VW677TPvbmElNoLhDnkOCX1JKyj+GmD27JHu\neGnD8WeiuRoe3kk3wL6Y4i5Om4HbI6JP0qrBu9FIerukAeA84IuS+lpZtNkEq3zI04curdNUGnsn\nItYCa2vmXV6aXk/pBsbDbONLFMdKzSa78RzyNJtQviLXbPR6gfPTWTynU9zs28fzbVLouFE2W2E0\nxwTBxwVzJ+kW4CxgejpseQVwEEBEXEPxV++5QD/F7ft+bWIqNRu9LELfbDQiYlmD5QH8RpvKMWsq\nH94xM8uIQ9/MLCMOfTOzjPiYfov4ghIz60Te0zczy4hD38wsIw59M7OMOPTNzDLi0Dczy4hD38ws\nIw59M7OMOPTNzDLi0Dczy4hD38wsIw59M7OMOPTNzDLi0Dczy4hD38wsI5VCX9ICSVsk9UtaWWf5\nmZI2StonaUlp/s9Kul9Sn6THJL2vmcWbmdnoNAx9SVOA1cBCYC6wTNLcmmZPAhcAN9fMfwE4PyJO\nAhYAfyHpqPEWbWZmY1PlJirzgP6I2Aog6VZgMbBpsEFEbEvLXimvGBH/UZreIekZoAv4wbgrNzOz\nUatyeGcGsL30fCDNGxVJ84BpwBN1lq2QtEHShp07d45202ZmVlGVPX3VmRejeRFJxwI3Assj4pXa\n5RGxBlgD0NPTM+y2R3MLQvBtCM3MalXZ0x8AZpWezwR2VH0BSUcAdwGXRcQDoyvPzMyaqUrorwfm\nSDpB0jRgKdBbZeOp/Z3ADRHx5bGXaWZmzdAw9CNiH3AxsA7YDNweEX2SVklaBCDp7ZIGgPOAL0rq\nS6v/KnAmcIGkR9LjZ1vyk5iZWUNVjukTEWuBtTXzLi9Nr6c47FO73k3ATeOs0czMmsRX5JqZZcSh\nb2aWEYe+mVlGHPpmZhlx6JuZZcShb1ZHhZFlZ0u6V9LDaQTZcyeiTrPRcuib1ag4suxlFNesnExx\nweIX2lul2dg49M2GenVk2Yh4CRgcWbYsgCPS9JGMYmgSs4nk0DcbqsrIslcCH0xXoq8F/ne9DXkE\nWes0Dn2zoaqMLLsM+FJEzATOBW6UNOTzFBFrIqInInq6urpaUKrZ6FQahsGs1miGuZ6EQ1xXGVn2\nQoq7wRER90s6BJgOPNOWCs3GyHv6ZkNVGVn2SWA+gKT/ARwC+PiNdTyHvlmNKiPLAp8ELpL0KHAL\ncEFEjOrmQmYTwYd3zOqoMLLsJuCMdtdlNl7e0zczy4hD38wsIw59M7OMOPTNzDLi0Dczy4jP3jlA\nHOAXS5lZk3hP38wsI5VCv8LY4mdK2ihpn6QlNcuWS/rP9FjerMLNzGz0GoZ+xbHFnwQuAG6uWff1\nwBXAaRTD1V4h6ejxl21mZmNRZU+/4djiEbEtIh4DXqlZ9xeBb0TErojYDXyDNEiVmZm1X5XQrzK2\n+LjW9ZjjZmbtUSX0q4wtPq51Pea4mVl7VAn9KmOLt2JdMzNrsiqhX2Vs8eGsA86RdHT6AvecNM/M\nzCZAw9CvMra4pLene4WeB3xRUl9adxfwKYpfHOuBVWmemZlNgEpX5FYYW3w9xaGbeuteB1w3jhon\nlK90NbMDia/INTPLiEPfzCwjDn0zs4w49M3MMuLQNzPLiEPfzCwjDn0zs4w49M3MMuLQNzPLiEPf\nzCwjDn0zs4w49M3MMuLQNzPLiEPfzCwjDn0zs4w49M3MMuLQN6tD0gJJWyT1S1o5TJtflbRJUp+k\nm9tdo9lYVLpzlllOJE0BVgNnAwPAekm9EbGp1GYOcClwRkTslvSGianWbHS8p2821DygPyK2RsRL\nwK3A4po2FwGrI2I3QEQ80+YazcbEe/qZ8z2A65oBbC89HwBOq2nz0wCS7gOmAFdGxNfaU57Z2Dn0\nzYZSnXlR83wqMAc4C5gJ/Iukt0bED/bbkLQCWAEwe/bs5ldqNkqVDu80+lJL0sGSbkvLH5TUneYf\nJOl6SY9L2izp0uaWb9YSA8Cs0vOZwI46bf4uIn4SEd8BtlD8EthPRKyJiJ6I6Onq6mpZwWZVNQz9\n0pdaC4G5wDJJc2uaXQjsjogTgauBq9L884CDI+JngFOBjwz+QjDrYOuBOZJOkDQNWAr01rT5KvC/\nACRNpzjcs7WtVZqNQZU9/Spfai0Grk/TdwDzJYniT+LXSZoKHAq8BDzflMrNWiQi9gEXA+uAzcDt\nEdEnaZWkRanZOuA5SZuAe4HfiYjnJqZis+qqHNOv8qXWq20iYp+kPcAxFL8AFgNPA68FPhERu2pf\nwMc9rdNExFpgbc28y0vTAVySHmaTRpU9/Spfag3XZh7wMnAccALwSUlvGtLQxz3NzNqiSuhX/VJr\nFkA6lHMksAt4P/C19GXXM8B9QM94izYzs7GpEvpVvtTqBZan6SXAPenP3yeBX1DhdcDpwL83p3Qz\nMxuthqFf8Uuta4FjJPVTHOMcPK1zNXAY8G2KXx5/ExGPNflnMDOziipdnFXhS60XKU7PrF1vb735\nZmY2MTz2jplZRhz6ZmYZceibmWXEoW9mlhGHvplZRhz6ZmYZceibmWXEoW9mlhGHvplZRhz6ZmYZ\nceibmWXEoW9mlhGHvplZRhz6ZmYZceibmWXEoW9mlhGHvplZRhz6ZmYZceibmWXEoW9mlhGHvplZ\nRiqFvqQFkrZI6pe0ss7ygyXdlpY/KKm7tOxtku6X1CfpcUmHNK98MzMbjYahL2kKsBpYCMwFlkma\nW9PsQmB3RJwIXA1cldadCtwEfDQiTgLOAn7StOrNzGxUquzpzwP6I2JrRLwE3AosrmmzGLg+Td8B\nzJck4BzgsYh4FCAinouIl5tTupmZjVaV0J8BbC89H0jz6raJiH3AHuAY4KeBkLRO0kZJv1vvBSSt\nkLRB0oadO3eO9mcwM7OKqoS+6syLim2mAj8PfCD9+8uS5g9pGLEmInoioqerq6tCSWZmNhZVQn8A\nmFV6PhPYMVybdBz/SGBXmv/PEfFsRLwArAVOGW/RZmY2NlVCfz0wR9IJkqYBS4Hemja9wPI0vQS4\nJyICWAe8TdJr0y+DdwKbmlO6mZmNVsPQT8foL6YI8M3A7RHRJ2mVpEWp2bXAMZL6gUuAlWnd3cCf\nU/zieATYGBF3Nf/HMGuuRqcpl9otkRSSetpZn9lYTa3SKCLWUhyaKc+7vDT9InDeMOveRHHaptmk\nUDpN+WyKQ5TrJfVGxKaadocDvwk82P4qzcbGV+SaDVXlNGWATwGfBV5sZ3Fm4+HQNxuq4WnKkk4G\nZkXEP4y0IZ+ObJ3GoW821IinKUt6DcWV559stCGfjmydxqFvNlSj05QPB94KfFPSNuB0oNdf5tpk\n4NA3G2rE05QjYk9ETI+I7ojoBh4AFkXEhokp16w6h75ZjYqnKZtNSpVO2TTLTaPTlGvmn9WOmsya\nwXv6ZmYZceibmWXEoW9mlhGHvplZRhz6ZmYZceibmWXEoW9mlhGHvplZRhz6ZmYZceibmWXEoW9m\nlhGHvplZRhz6ZmYZceibmWWk0tDKkhYA/xeYAvx1RHymZvnBwA3AqcBzwPsiYltp+WxgE3BlRPxZ\nc0q3yah75V2jar/tM+9uUSVmeWoY+pKmAKuBsyluI7deUm9EbCo1uxDYHREnSloKXAW8r7T8auDu\n5pVtufEvC7PmqHJ4Zx7QHxFbI+Il4FZgcU2bxcD1afoOYL4kAUh6L7AV6GtOyWZmNlZVQn8GsL30\nfCDNq9sm3WpuD3CMpNcBvwf80UgvIGmFpA2SNuzcubNq7WZmNkpVQl915kXFNn8EXB0Re0d6gYhY\nExE9EdHT1dVVoSQzMxuLKl/kDgCzSs9nAjuGaTMgaSpwJLALOA1YIumzwFHAK5JejIi/HHflZmY2\nalVCfz0wR9IJwFPAUuD9NW16geXA/cAS4J6ICOAdgw0kXQnsdeCbmU2chqEfEfskXQysozhl87qI\n6JO0CtgQEb3AtcCNkvop9vCXtrJoMzMbm0rn6UfEWmBtzbzLS9MvAuc12MaVY6jPzMyayFfkmpll\nxKFvZpYRh76ZWUYc+mZmGXHom5llxKFvZpYRh76ZWUYc+mZmGXHom5llxKFvVoekBZK2SOqXtLLO\n8kskbZL0mKR/knT8RNRpNloOfbMapbvFLQTmAsskza1p9jDQExFvo7hx0GfbW6XZ2Dj0zYZqeLe4\niLg3Il5ITx+gGHLcrOM59M2GqnK3uLILGeYe0L4rnHUah77ZUFXuFlc0lD4I9AB/Wm+57wpnnabS\n0MpmmalytzgkvQv4A+CdEfHjNtVmNi7e0zcb6tW7xUmaRnFToN5yA0knA18EFkXEMxNQo9mYOPTN\nakTEPmDwbnGbgdsH7xYnaVFq9qfAYcCXJT0iqXeYzZl1FB/eMaujwt3i3tX2osyawHv6ZmYZceib\nmWXEoW9mlpFKoV9hHJKDJd2Wlj8oqTvNP1vSQ5IeT//+QnPLNzOz0WgY+hXHIbkQ2B0RJwJXA1el\n+c8C74mInwGWAzc2q3AzMxu9Knv6DcchSc+vT9N3APMlKSIejojBi1r6gEMkHdyMws3MbPSqhH6V\ncUhebZPOcd4DHFPT5leAh+tduejxSczM2qNK6FcZh2TENpJOojjk85F6L+DxSczM2qNK6FcZh+TV\nNpKmAkcCu9LzmcCdwPkR8cR4CzYzs7GrEvoNxyFJz5en6SXAPRERko4C7gIujYj7mlW0mZmNTcPQ\nrzgOybXAMZL6gUuAwdM6LwZOBP4wjU/yiKQ3NP2nMDOzSiqNvVNhHJIXgfPqrPdp4NPjrNHMzJrE\nV+SamWXEoW9mlhGHvplZRhz6ZmYZceibmWXEoW9mlhGHvplZRhz6ZmYZceibmWXEoW9mlhGHvplZ\nRhz6ZmYZceibmWXEoW9mlhGHvplZRhz6ZmYZceibmWXEoW9mlhGHvplZRhz6ZmYZceibmWWkUuhL\nWiBpi6R+SSvrLD9Y0m1p+YOSukvLLk3zt0j6xeaVbtY64+nzZp2sYehLmgKsBhYCc4FlkubWNLsQ\n2B0RJwJXA1eldecCS4GTgAXAF9L2zDrWePq8Waersqc/D+iPiK0R8RJwK7C4ps1i4Po0fQcwX5LS\n/Fsj4scR8R2gP23PrJONp8+bdbSpFdrMALaXng8Apw3XJiL2SdoDHJPmP1Cz7ozaF5C0AliRnu6V\ntKVS9f9tOvDskO2Ocd9rnOvVraWFr9fIkHom6H2pW0sbXrOe4xusPp4+v/973aK+PUE6vpax9pcm\n6IT3plG/BqqFfr29l6jYpsq6RMQaYE2FWuqStCEiesa6fjN1Ui3QWfV0Ui0NjKfP7z/DfbslOqkW\n6Lx6RlLl8M4AMKv0fCawY7g2kqYCRwK7Kq5r1mnG0+fNOlqV0F8PzJF0gqRpFF/M9ta06QWWp+kl\nwD0REWn+0nSmwwnAHODfmlO6WcuMp8+bdbSGh3fS8cqLgXXAFOC6iOiTtArYEBG9wLXAjZL6KfZ2\nlqZ1+yTdDmwC9gG/EREvt+DnGPOfzy3QSbVAZ9XTSbUMazx9vgU66T1zLcPrtHqGJe+cmJnlw1fk\nmpllxKFvZpaRSRX6nXJpvKRZku6VtFlSn6TfqtPmLEl7JD2SHpe3opb0WtskPZ5eZ0Od5ZL0+fS+\nPCbplBbW8pbSz/yIpOclfbymTdvem8mgU/p1ei337fp1HDj9OiImxYPiC7UngDcB04BHgbk1bT4G\nXJOmlwK3taiWY4FT0vThwH/UqeUs4B/a9N5sA6aPsPxc4G6Kc8tPBx5s4//Z94DjJ+q96fRHJ/Xr\ntH337Wr/Z5O2X0+mPf2OuTQ+Ip6OiI1p+ofAZupcadxBFgM3ROEB4ChJx7bhdecDT0TEd9vwWpNV\nx/RrcN+uaFL368kU+vUuja/tjPtdGg8MXhrfMulP7ZOBB+ss/jlJj0q6W9JJLSwjgK9Leihd9l+r\nynvXCkuBW4ZZ1q73ptN1ZL8G9+0RTOp+XWUYhk7RtEvjm0XSYcD/Bz4eEc/XLN5I8effXknnAl+l\nuDitFc6IiB2S3gB8Q9K/R8S3yqXWWael5+qmi5oWAZfWWdzO96bTdVy/Bvft4RwI/Xoy7el31KXx\nkg6i+FD8bUR8pXZ5RDwfEXvT9FrgIEnTW1FLROxI/z4D3MnQkUwnYjiMhcDGiPh+7YJ2vjeTQEf1\n6/Qa7tvDm/T9ejKFfsdcGp+Op14LbI6IPx+mzU8NHneVNI/ivX6uBbW8TtLhg9PAOcC3a5r1Auen\nMx1OB/ZExNPNrqXGMob5E7hd780k0TH9Gty3K5j0/XrSHN6Jzro0/gzgQ8Djkh5J834fmJ1qvYbi\nw/nrkvYBPwKWtuiD+kbgztTXpgI3R8TXJH20VMtairMc+oEXgF9rQR2vkvRa4GzgI6V55Xra9d50\nvA7r1+C+PawDpV97GAYzs4xMpsM7ZmY2Tg59M7OMOPTNzDLi0Dczy4hD38wsIw59M7OMOPTNzDLy\nX1EIFQixL85cAAAAAElFTkSuQmCC\n",
      "text/plain": [
       "<matplotlib.figure.Figure at 0x242476b93c8>"
      ]
     },
     "metadata": {},
     "output_type": "display_data"
    }
   ],
   "source": [
    "fig, axes = plt.subplots(1, 2)\n",
    "axes[0].bar(np.arange(10), prediction)\n",
    "axes[0].set_title(\"Prediction\")\n",
    "axes[1].bar(np.arange(10), target)\n",
    "axes[1].set_title(\"Target\")"
   ]
  },
  {
   "cell_type": "code",
   "execution_count": 98,
   "metadata": {},
   "outputs": [],
   "source": [
    "prediction = prediction.reshape(1, 10)\n",
    "target = target.reshape(1, 10)"
   ]
  },
  {
   "cell_type": "markdown",
   "metadata": {},
   "source": [
    "## Iteration\n",
    "\n",
    "Original cpp code (<https://github.com/frogner/caffe/blob/wasserstein/src/caffe/layers/wasserstein_loss_layer.cpp#L122-L132>):\n",
    "```\n",
    "for (int i = 0; i < scaling_iter; i++) {\n",
    "    // v = ylabel ./ K^t u\n",
    "    caffe_cpu_gemm(CblasNoTrans, CblasNoTrans, num, dim, dim, Dtype(1.),\n",
    "                   u, K, Dtype(0.), v);\n",
    "    caffe_div(count, ylabel, v, v);\n",
    "\n",
    "    // u = ypred ./ K v\n",
    "    caffe_cpu_gemm(CblasNoTrans, CblasTrans, num, dim, dim, Dtype(1.),\n",
    "                   v, K, Dtype(0.), u);\n",
    "    caffe_div(count, ypred, u, u);\n",
    "}\n",
    "```"
   ]
  },
  {
   "cell_type": "code",
   "execution_count": 139,
   "metadata": {},
   "outputs": [
    {
     "name": "stdout",
     "output_type": "stream",
     "text": [
      "u= [[ 0.          0.          0.          0.          0.          7.87594339\n",
      "   0.          0.          0.          0.        ]]\n",
      "v= [[ 0.          0.          0.          0.          0.          0.34513729\n",
      "   0.          0.          0.          0.        ]]\n"
     ]
    }
   ],
   "source": [
    "u_ = np.ones_like(prediction)\n",
    "v_ = np.ones_like(prediction)\n",
    "\n",
    "scaling_iter = 100\n",
    "\n",
    "for i in range(scaling_iter):\n",
    "    v_ = np.divide(target, np.matmul(u_, K_))\n",
    "    u_ = np.divide(target, np.matmul(v_, K_.transpose()))\n",
    "\n",
    "print(\"u=\", u_)\n",
    "print(\"v=\", v_)"
   ]
  },
  {
   "cell_type": "code",
   "execution_count": 140,
   "metadata": {},
   "outputs": [],
   "source": [
    "tmp_ = np.empty_like(u_)\n",
    "tmp2_ = np.empty_like(u_)\n",
    "\n",
    "tmp_ = np.matmul(u_, KM)"
   ]
  },
  {
   "cell_type": "code",
   "execution_count": 141,
   "metadata": {},
   "outputs": [
    {
     "name": "stdout",
     "output_type": "stream",
     "text": [
      "[ 0.          0.          0.          0.          0.          0.34513729\n",
      "  0.          0.          0.          0.        ]\n",
      "[ 8.78680328  7.76873533  6.43933527  4.7443768   2.62167378  0.\n",
      "  2.62167378  4.7443768   6.43933527  7.76873533]\n",
      "0.0\n"
     ]
    }
   ],
   "source": [
    "loss = np.multiply(v_, tmp_).sum()\n",
    "print(v_.squeeze())\n",
    "print(tmp_.squeeze())\n",
    "print(loss)"
   ]
  },
  {
   "cell_type": "code",
   "execution_count": 142,
   "metadata": {},
   "outputs": [
    {
     "name": "stderr",
     "output_type": "stream",
     "text": [
      "C:\\ProgramData\\Anaconda3\\lib\\site-packages\\ipykernel_launcher.py:1: RuntimeWarning: divide by zero encountered in log\n",
      "  \"\"\"Entry point for launching an IPython kernel.\n"
     ]
    }
   ],
   "source": [
    "tmp_ = np.log(u_)"
   ]
  },
  {
   "cell_type": "code",
   "execution_count": 143,
   "metadata": {},
   "outputs": [
    {
     "data": {
      "text/plain": [
       "array([[       -inf,        -inf,        -inf,        -inf,        -inf,\n",
       "         2.06381297,        -inf,        -inf,        -inf,        -inf]])"
      ]
     },
     "execution_count": 143,
     "metadata": {},
     "output_type": "execute_result"
    }
   ],
   "source": [
    "tmp_"
   ]
  },
  {
   "cell_type": "code",
   "execution_count": null,
   "metadata": {
    "collapsed": true
   },
   "outputs": [],
   "source": []
  }
 ],
 "metadata": {
  "kernelspec": {
   "display_name": "Python 3",
   "language": "python",
   "name": "python3"
  },
  "language_info": {
   "codemirror_mode": {
    "name": "ipython",
    "version": 3
   },
   "file_extension": ".py",
   "mimetype": "text/x-python",
   "name": "python",
   "nbconvert_exporter": "python",
   "pygments_lexer": "ipython3",
   "version": "3.6.3"
  }
 },
 "nbformat": 4,
 "nbformat_minor": 2
}
